[homepagemainpic.jpg]
filters=finetune2=1,0.000000,0.000000,0.123509,00000000,0.000000;Soften=1,16.959064,27.485380;warm=1;Soften=1,37.426903,62.573097;
moddate=923d18765bbad801
width=1200
height=500
textactive=0
